nutr_val = {
    '苜蓿干草': [8.39, 19.1, 6.1, 36.7, 36.7],
    '木薯渣': [12.38, 2.5, 71.6, 8.4, 8.4],
    '阴离子盐预混料': [0.0, 0.0, 0.0, 0.0, 0.0],
    '玉米秸秆': [3.97, 4.0, 2.8, 81.0, 81.0],
    '小麦': [8.13, 13.1, 54.6, 13.3, 13.3],
    '全脂牛奶': [10.64, 24.0, 0.0, 0.0, 0.0],
    '代乳粉': [18.0, 26.0, 0.0, 0.0, 0.0],
    '乳清粉': [14.5, 12.0, 0.0, 0.0, 0.0],
    '优质干草': [7.5, 8.0, 3.0, 50.0, 50.0],
    '苜蓿': [7.8, 17.5, 2.5, 45.0, 45.0],
    '进口燕麦': [8.0, 11.5, 50.0, 15.0, 15.0],
    '压片玉米': [8.49, 8.5, 70.0, 10.0, 10.0],
    '燕麦片': [7.95, 13.0, 55.0, 20.0, 20.0],
    '豆粕': [7.89, 48.0, 1.0, 11.0, 11.0],
    '燕麦草': [7.1, 12.0, 5.0, 55.0, 55.0],
    '小麦草': [7.0, 10.0, 4.0, 60.0, 60.0],
    '小麦麸皮': [7.1, 16.0, 3.0, 22.0, 22.0],
    '玉米青贮': [6.7, 8.1, 29.5, 47.0, 47.0],
    '豆粕(3–6)': [7.85, 44.0, 1.5, 12.0, 12.0],
    '菜粕': [8.25, 36.0, 4.5, 15.0, 15.0],
    '糖蜜': [9.9, 7.5, 70.0, 0.0, 0.0],
    '甜菜颗粒': [8.5, 7.0, 45.0, 15.0, 15.0],
    '钙磷预混料': [0.0, 0.0, 0.0, 0.0, 0.0],
    '盐砖': [0.0, 0.0, 0.0, 0.0, 0.0],
    '全株玉米青贮': [6.85, 7.5, 25.0, 50.0, 50.0],
    '羊草': [7.2, 14.0, 2.0, 48.0, 48.0],
    '大麦': [8.2, 12.0, 58.0, 10.0, 10.0],
    '棉籽粕': [7.6, 42.0, 2.0, 14.0, 14.0],
    'DDGS': [8.0, 30.0, 35.0, 35.0, 35.0],
    '苹果粕': [7.0, 4.0, 15.0, 25.0, 25.0],
    '啤酒糟': [7.1, 20.0, 5.0, 15.0, 15.0],
    '小苏打': [0.0, 0.0, 0.0, 0.0, 0.0],
    '氧化镁': [0.0, 0.0, 0.0, 0.0, 0.0],
    '苜蓿青贮': [7.6, 16.0, 3.0, 45.0, 45.0],
    '稻草': [3.5, 3.0, 0.5, 85.0, 85.0],
    '蒸汽压片高粱': [8.15, 10.0, 60.0, 15.0, 15.0],
    '甘薯渣': [10.5, 2.0, 80.0, 5.0, 5.0],
    '葵花粕': [7.8, 30.0, 1.0, 25.0, 25.0],
    '玉米蛋白粉': [8.5, 60.0, 2.0, 5.0, 5.0],
    '大豆皮': [6.9, 10.0, 20.0, 50.0, 50.0],
    'β-胡萝卜素': [0.0, 0.0, 0.0, 0.0, 0.0],
    '胆碱': [0.0, 0.0, 0.0, 0.0, 0.0],
    '预混料': [0.0, 0.0, 0.0, 0.0, 0.0],
    '燕麦青干草': [7.3, 14.0, 2.0, 52.0, 52.0],
    '过瘤胃脂肪粉': [0.0, 0.0, 0.0, 0.0, 0.0],
}
